Material,"?","Body",1,1,1,1,0,0,0,5,0.5019608,0.5019608,0.5019608,0,1,1,1,0,0,1,0.8,0.5019608,0,0,1,"Tex\body.png","spa\spa-pi.bmp",2,"toon04.bmp",""
Material,"glove","Body",1,1,1,1,0,0,0,5,0.5019608,0.5019608,0.5019608,0,1,1,1,0,0,1,0.8,0.5019608,0,0,1,"Tex\skin2.png","spa\spa-pi.bmp",2,"toon\toon-4.bmp",""
Material,"ǄǗǀ","Panties",1,1,1,1,0,0,0,5,0.5019608,0.5019608,0.5019608,0,1,1,1,0,0,1,0.8,0.7882353,0.7882353,0.8941177,1,"Tex\sudadera momo.png","spa\A5.bmp",2,"toon\toon-4.bmp",""
Material,"legg","Body",1,1,1,1,0,0,0,5,0.5019608,0.5019608,0.5019608,0,1,1,1,0,0,1,0.8,0.5019608,0,0,1,"Tex\skin2.png","spa\spa-pi.bmp",2,"toon\toon-4.bmp",""
Material,"face01","",1,1,1,1,0,0,0,100,0.5019608,0.5019608,0.5019608,0,1,1,1,0,0,1,0.8,0.5019608,0,0,1,"Tex\body.png","",2,"",""
Material,"face01+","",1,1,1,1,0,0,0,100,0.5019608,0.5019608,0.5019608,0,1,1,1,0,0,0,0.8,0.5019608,0,0,1,"Tex\pnghead.png","",2,"",""
Material,"eyeball","",1,1,1,1,0,0,0,0,0.5019608,0.5019608,0.5019608,0,1,1,1,0,0,0,0.4,0,0,0,1,"Tex\head.png","",2,"",""
Material,"oral cavity","",1,1,1,1,0,0,0,0,0.5019608,0.5019608,0.5019608,0,1,1,1,0,0,1,0.4,0.6078432,0,0,0.5,"Tex\head.png","",2,"",""
Material,"eyes","",1,1,1,1,0,0,0,0,0.5019608,0.5019608,0.5019608,0,1,1,1,0,0,0,0.4,0,0,0,1,"Tex\head.png","spa\spa-4.bmp",2,"",""
Material,"face02","",1,1,1,1,0,0,0,0,0.5019608,0.5019608,0.5019608,0,1,1,1,0,0,0,0.4,0,0,0,1,"Tex\head.png","",0,"",""
Material,"tooth","",1,1,1,1,0,0,0,0,0.5019608,0.5019608,0.5019608,0,1,1,1,0,0,0,0.4,0,0,0,1,"Tex\head.png","",0,"",""
Material,"tongue","",1,1,1,1,0,0,0,0,0.5019608,0.5019608,0.5019608,0,1,1,1,0,0,0,0.4,0,0,0,1,"Tex\head.png","",0,"",""
Material,"Facial01","",1,1,1,1,0,0,0,5,0.5019608,0.5019608,0.5019608,0,1,1,1,0,0,1,0.4,0.3254902,0.3411765,0.6745098,0.5,"Tex\head.png","",0,"",""
Material,"Facial02","",1,1,1,1,0,0,0,100,0.5019608,0.5019608,0.5019608,0,1,1,1,0,0,1,0.4,0.5019608,0,0,0.6,"Tex\head.png","",2,"",""
Material,"HL","",1,1,1,1,0,0,0,0,0.5019608,0.5019608,0.5019608,0,1,1,1,0,0,0,0.4,0,0,0,1,"Tex\head.png","spa\spa-5.bmp",2,"",""
Material,"Hair01","",1,1,1,1,0,0,0,8,0.5019608,0.5019608,0.5019608,0,1,1,1,0,0,1,0.8,0.427451,0.5607843,0.5058824,0.4,"Tex\Hair01.png","spa/spa-1.bmp",2,"spa\toon-3.bmp",""
Material,"Hair02","",1,1,1,1,0,0,0,8,0.5019608,0.5019608,0.5019608,0,1,1,1,0,0,1,0.8,0.427451,0.5607843,0.5058824,0.4,"Tex\Hair01.png","spa/spa-1.bmp",2,"spa\toon-3.bmp",""
Material,"Hair03","",1,1,1,1,0,0,0,8,0.5019608,0.5019608,0.5019608,0,1,1,1,0,0,1,0.8,0.427451,0.5607843,0.5058824,0.4,"Tex\Hair02.png","spa/spa-1.bmp",2,"spa\toon-3.bmp",""
Material,"Hairshadow","",1,1,1,1,0,0,0,5,0.5019608,0.5019608,0.5019608,0,1,1,1,0,0,1,0.4,0,0,0.5019608,0.6,"Tex\Hair01.png","spa\spa-1.bmp",2,"",""
Material,"tie","",1,1,1,1,0,0,0,5,0.5019608,0.5019608,0.5019608,0,1,1,1,0,0,1,1,0,0,0,0.4,"Tex\sudadera deku2.png","",1,"spa\ToonW.bmp",""
Material,"shirt","",1,1,1,1,0,0,0,5,0.5019608,0.5019608,0.5019608,1,1,1,1,0,0,1,1,0,0,0,0.4,"Tex\sudadera momo.png","",1,"spa\ToonW.bmp",""
Material,"shirt1","",1,1,1,1,0,0,0,5,0.5019608,0.5019608,0.5019608,1,1,1,1,0,0,1,1,0,0,0,0.4,"Tex\sudadera momo.png","",1,"spa\ToonW.bmp",""
Material,"shirttie","",1,1,1,1,0,0,0,5,0.5019608,0.5019608,0.5019608,1,1,1,1,0,0,1,1,0,0,0,0.4,"Tex\le.png","",1,"",""
Material,"topin","",1,1,1,1,0,0,0,5,0.5019608,0.5019608,0.5019608,0,1,1,1,0,0,1,1,0,0,0,0.4,"Tex\sudadera bakugo3.png","",1,"spa\ToonW.bmp",""
Material,"39","",1,1,1,1,0,0,0,5,0.5019608,0.5019608,0.5019608,0,1,1,1,0,0,1,1,0,0,0,0.4,"Tex\sudadera momo3.png","",1,"spa\ToonW.bmp",""
Material,"lg","",1,1,1,1,0,0,0,5,0.5019608,0.5019608,0.5019608,0,1,1,1,0,0,1,1,0,0,0,0.4,"Tex\le.png","",0,"spa\ToonW.bmp",""
Material,"shoes1","",1,1,1,1,0,0,0,5,0.5019608,0.5019608,0.5019608,0,1,1,1,0,0,1,1,0.6039216,0.6039216,0.6039216,0.4,"Tex\hatcup main20white.png","",0,"spa\ToonW.bmp",""
Material,"shoes2","",1,1,1,1,0,0,0,5,0.5019608,0.5019608,0.5019608,0,1,1,1,0,0,1,1,0.3607843,0.4117647,0.772549,0.4,"Tex\hatcup main20.png","",0,"spa\ToonW.bmp",""
Material,"shoes3","",1,1,1,1,0,0,0,5,0.5019608,0.5019608,0.5019608,0,1,1,1,0,0,1,1,0.3607843,0.4117647,0.772549,0.4,"Tex\hatcup main20.png","",0,"spa\ToonW.bmp",""
Material,"shoes4","",1,1,1,1,0,0,0,5,0.5019608,0.5019608,0.5019608,0,1,1,1,0,0,1,1,0.6039216,0.6039216,0.6039216,0.4,"Tex\hatcup main20white.png","",0,"spa\ToonW.bmp",""
Material,"shoes5","",1,1,1,1,0,0,0,5,0.5019608,0.5019608,0.5019608,0,1,1,1,0,0,1,1,0,0,0,0.4,"Tex\pink.png","",0,"spa\ToonW.bmp",""
Material,"shoes6","",1,1,1,1,0,0,0,5,0.5019608,0.5019608,0.5019608,0,1,1,1,0,0,1,1,0.6039216,0.6039216,0.6039216,0.4,"Tex\line 2.png","",0,"spa\ToonW.bmp",""
Material,"shoes7","",1,1,1,1,0,0,0,5,0.5019608,0.5019608,0.5019608,0,1,1,1,0,0,1,1,0,0,0,0.4,"Tex\arrow.png","",0,"spa\ToonW.bmp",""
Material,"shoes8","",1,1,1,1,0,0,0,5,0.5019608,0.5019608,0.5019608,0,1,1,1,0,0,1,1,0.6039216,0.6039216,0.6039216,0.4,"Tex\le.png","",0,"spa\ToonW.bmp",""
Material,"hat","",1,1,1,1,0,0,0,5,0.5019608,0.5019608,0.5019608,1,1,1,1,0,0,1,1,0,0,0,0.4,"Tex\hatcup main20.png","",0,"spa\ToonW.bmp",""
Material,"hat2","",1,1,1,1,0,0,0,5,0.5019608,0.5019608,0.5019608,1,1,1,1,0,0,1,1,0,0,0,0.4,"Tex\hatcup main20.png","",1,"spa\ToonW.bmp",""
Material,"hat1","",1,1,1,1,0,0,0,5,0.5019608,0.5019608,0.5019608,1,1,1,1,0,0,1,1,0,0,0,0.4,"Tex\arrow.png","",1,"spa\ToonW.bmp",""
Material,"hat3","",1,1,1,1,0,0,0,5,0.5019608,0.5019608,0.5019608,1,1,1,1,0,0,1,1,0,0,0,0.4,"Tex\hatcup main20.png","",0,"spa\ToonW.bmp",""
Material,"hat4","",1,1,1,1,0,0,0,5,0.5019608,0.5019608,0.5019608,1,1,1,1,0,0,1,1,0,0,0,0.4,"Tex\pink.png","",1,"spa\ToonW.bmp",""
Material,"hat5","",1,1,1,1,0,0,0,5,0.5019608,0.5019608,0.5019608,1,1,1,1,0,0,1,1,0,0,0,0.4,"Tex\line 2.png","",1,"spa\ToonW.bmp",""
Material,"hat3+","",1,1,1,1,0,0,0,5,0.5019608,0.5019608,0.5019608,1,1,1,1,0,0,1,1,0,0,0,0.4,"Tex\le.png","",0,"spa\ToonW.bmp",""
Material,"choker","",1,1,1,1,0,0,0,5,0.5019608,0.5019608,0.5019608,1,1,1,1,0,0,1,1,0,0,0,0.4,"Tex\sudadera deku2.png","",1,"",""
Material,"Pant","",1,1,1,1,0,0,0,5,0.5019608,0.5019608,0.5019608,1,1,1,1,0,0,1,1,0,0,0,0.4,"Tex\texture.png","Tex\sm1.spa",2,"toon02.bmp",""
Material,"Boots","Boots",1,1,1,1,0,0,0,50,0.5019608,0.5019608,0.5019608,1,1,1,1,0,0,1,1,0.07058824,0.07058824,0.07058824,0.4,"tex/Boots.png","",0,"spa\ToonW.bmp","Modelled\ by\ JustLluiji"
Material,"legging","",1,1,1,1,0,0,0,5,0.5019608,0.5019608,0.5019608,1,1,1,1,0,0,1,1,0,0,0,0.4,"Tex\hatcup main20white.png","",1,"",""
Material,"leggingmetal","",1,1,1,1,0,0,0,5,0.5019608,0.5019608,0.5019608,1,1,1,1,0,0,1,1,0,0,0,0.4,"Tex\pink.png","",1,"",""
Material,"hat1+","",1,1,1,1,0,0,0,5,0.5019608,0.5019608,0.5019608,1,1,1,1,0,0,1,1,0,0,0,0.4,"Tex\arrow.png","",1,"spa\ToonW.bmp",""
Material,"h","",1,1,1,1,0,0,0,5,0.5019608,0.5019608,0.5019608,1,1,1,1,0,0,1,1,0,0,0,0.4,"Tex\le.png","",1,"",""
Material,"t1","",1,1,1,1,0,0,0,5,0.5019608,0.5019608,0.5019608,1,1,1,1,0,0,1,1,0,0,0,0.4,"Tex\ot2.png","",1,"",""
Material,"t2","",1,1,1,1,0,0,0,5,0.5019608,0.5019608,0.5019608,1,1,1,1,0,0,1,1,0,0,0,0.4,"Tex\ot.png","",1,"",""
Material,"metal","",1,1,1,1,0,0,0,5,0.5019608,0.5019608,0.5019608,0,1,1,1,0,0,1,1,0,0,0,0.4,"Tex\pink.png","",1,"",""
Material,"tieacc","",1,1,1,1,0,0,0,5,0.5019608,0.5019608,0.5019608,0,1,1,1,0,0,1,1,0,0,0,0.4,"Tex\hatcup main20white.png","",1,"",""
Material,"tt","",1,1,1,1,0,0,0,5,0.5019608,0.5019608,0.5019608,0,1,1,1,0,0,1,1,0,0,0,0.4,"Tex\pink.png","",1,"",""
Material,"t3","",1,1,1,1,0,0,0,5,0.5019608,0.5019608,0.5019608,1,1,1,1,0,0,1,1,0,0,0,0.4,"Tex\ot3.png","",1,"",""
Material,"t4","",1,1,1,1,0,0,0,5,0.5019608,0.5019608,0.5019608,1,1,1,1,0,0,1,1,0,0,0,0.4,"Tex\ot.png","",1,"",""
Material,"tie2","",1,1,1,1,0,0,0,5,0.5019608,0.5019608,0.5019608,0,1,1,1,0,0,1,1,0,0,0,0.4,"Tex\hatcup main20white.png","",1,"",""
Material,"bracelet","",1,1,1,0.9999,0,0,0,10,0.5019608,0.5019608,0.5019608,1,1,1,1,0,0,1,1,0,0,0,0.4,"Tex\le.png","",0,"toon01.bmp",""
Material,"bracelet2","",1,1,1,0.9999,0,0,0,10,0.5019608,0.5019608,0.5019608,1,1,1,1,0,0,1,1,0,0,0,0.4,"Tex\hatcup main20white.png","",0,"toon01.bmp",""
Material,"bracelet metal","",1,1,1,1,0,0,0,41,0.5019608,0.5019608,0.5019608,0,1,1,1,0,0,1,1,0,0,0,0.4,"","spa\metal.sph",1,"toon01.bmp",""
Material,"hairtie","",1,1,1,1,0,0,0,5,0.5019608,0.5019608,0.5019608,0,1,1,1,0,0,1,1,0,0,0,0.4,"Tex\hatcup main20.png","",1,"",""
Material,"hatacc","",1,1,1,1,0,0,0,5,0.5019608,0.5019608,0.5019608,1,1,1,1,0,0,1,1,0,0,0,0.4,"Tex\ot.png","",1,"",""
Material,"hatacc2","",1,1,1,1,0,0,0,5,0.5019608,0.5019608,0.5019608,0,0,0,0,0,0,1,1,0,0,0,0.4,"Tex\pink.png","",1,"",""